2048
35 75
85 121
0 61
35 102
27 42
50 114
74 76
78 116
68 100
11 80
97 115
18 62
28 96
16 40
28 96
38 126
10 123
80 98
103 119
28 95
64 70
24 91
63 114
2 9
21 34
72 126
17 31
12 14
75 117
6 74
8 43
24 39
22 53
29 89
34 110
44 113
51 85
58 59
37 47
88 99
15 37
32 81
9 126
13 61
98 101
108 120
93 114
14 113
71 83
76 112
36 62
28 101
27 115
19 113
5 100
80 111
15 21
33 112
1 5
25 96
18 20
18 31
50 125
88 110
3 28
60 86
77 104
46 71
8 69
12 95
26 44
58 92
26 75
56 88
92 102
28 74
10 119
21 24
14 37
17 29
27 127
75 88
25 35
102 108
88 109
14 22
46 62
36 51
67 76
75 105
13 119
40 115
51 84
51 112
20 102
34 98
12 88
0 98
47 55
37 84
38 85
47 51
47 63
32 126
67 91
26 105
22 66
1 115
60 98
70 91
95 105
11 82
99 103
2 90
56 112
42 121
29 87
58 114
6 28
5 22
99 127
63 89
86 86
30 81
10 11
25 71
7 95
6 95
39 116
3 76
43 96
52 122
4 104
6 60
18 87
6 109
47 109
63 100
24 97
83 120
54 67
15 75
27 41
16 126
53 87
39 110
16 52
13 94
48 111
30 39
56 124
78 107
4 13
31 70
6 38
60 113
29 127
56 65
14 28
30 105
1 113
37 92
47 111
13 103
40 127
15 72
13 50
33 98
33 54
117 126
122 124
29 47
15 56
39 69
35 91
25 52
50 116
21 29
81 93
38 53
10 53
21 34
65 121
80 93
8 125
6 108
35 71
35 36
35 119
5 29
107 107
11 104
94 113
39 87
43 110
34 66
72 97
54 91
1 22
49 88
38 127
8 77
65 126
46 108
31 102
32 97
8 39
77 81
4 123
26 118
81 116
3 29
61 114
7 75
12 35
41 104
91 123
33 58
15 25
6 51
36 91
75 127
29 100
14 44
99 100
18 97
43 73
4 106
122 126
36 64
69 116
23 65
70 116
2 57
27 96
40 80
16 17
21 45
47 82
38 122
5 38
28 54
9 90
52 75
80 94
26 39
26 61
37 38
4 89
32 55
38 103
4 7
15 22
37 91
83 89
28 120
28 125
100 106
74 106
114 126
62 108
98 106
21 51
5 95
0 107
0 88
86 92
69 72
86 91
45 119
33 36
32 113
95 100
42 104
59 112
4 86
6 106
73 126
40 63
5 17
113 127
63 98
45 101
21 73
49 102
17 90
4 70
11 74
27 38
101 119
6 24
48 63
17 18
23 25
16 121
25 113
3 113
10 20
84 90
52 119
25 39
106 121
23 98
51 106
36 84
51 93
20 117
66 79
100 121
83 119
56 96
42 80
13 21
79 97
76 125
13 23
28 119
25 73
39 84
27 60
11 105
3 120
37 65
36 99
9 41
86 122
1 40
25 85
5 89
61 90
53 95
17 111
10 15
114 116
37 119
56 93
6 22
6 53
38 100
79 104
31 109
9 70
17 108
101 127
52 119
12 71
107 112
52 64
15 41
20 45
12 32
23 75
17 64
11 119
91 108
60 121
44 94
51 55
32 103
0 107
10 86
2 41
2 2
38 69
82 111
32 100
40 102
59 96
4 64
92 95
90 96
46 62
47 114
34 76
28 32
66 98
35 52
4 103
22 88
64 73
47 111
91 119
40 126
57 124
56 115
51 53
79 125
89 98
64 85
32 67
44 66
32 100
115 118
18 59
40 93
2 34
36 55
16 73
41 96
76 111
77 117
69 88
4 19
103 121
38 82
40 87
2 73
35 111
45 119
93 122
71 97
71 87
32 63
66 70
22 106
9 59
100 125
72 123
12 64
66 97
111 118
31 99
31 58
2 83
17 19
11 37
48 53
5 110
49 107
72 122
78 115
58 61
103 113
16 39
43 98
38 82
1 15
13 27
16 32
55 90
89 100
11 95
27 103
40 119
100 108
20 49
4 28
16 29
2 108
78 113
54 78
25 80
6 126
60 73
7 94
42 110
29 118
33 51
59 85
2 41
2 22
33 48
13 91
95 120
10 92
31 66
23 60
69 121
49 106
3 101
45 124
86 91
18 84
47 67
103 124
9 123
54 71
25 37
0 47
33 121
1 7
25 32
16 55
4 67
77 88
17 36
85 117
91 95
4 45
67 81
34 51
67 118
110 120
34 82
51 85
43 121
27 112
51 115
8 43
63 84
94 101
67 80
42 95
67 109
37 117
2 85
82 100
47 50
29 100
3 23
52 58
70 107
95 123
61 82
46 67
14 106
41 97
34 69
108 127
63 89
43 103
49 115
34 69
85 107
0 80
23 46
54 80
30 47
35 116
117 120
59 112
42 107
81 116
55 76
29 117
108 121
24 88
49 98
67 92
87 93
13 69
67 103
104 115
68 119
28 112
13 71
31 103
65 97
81 118
8 27
66 116
52 91
57 68
70 103
31 104
57 107
26 81
53 74
101 103
63 114
73 115
79 98
6 94
31 82
1 68
53 117
47 100
34 107
21 115
32 40
6 54
33 33
34 89
77 122
0 61
1 57
48 95
20 91
80 93
17 82
81 81
52 105
6 111
71 98
33 118
47 89
57 112
71 90
4 121
10 12
0 29
1 123
88 126
2 117
94 103
2 70
37 61
45 61
9 28
71 104
30 117
24 82
6 60
1 10
21 27
27 91
16 124
14 117
14 89
34 55
90 117
76 123
53 71
46 97
119 121
5 57
28 85
54 54
6 116
43 79
22 59
65 94
32 113
45 59
37 84
20 21
62 68
80 105
58 109
71 125
76 115
7 119
14 117
6 15
26 96
72 125
42 46
44 71
7 104
13 92
45 125
5 60
4 21
21 22
54 107
3 80
8 123
11 37
76 106
41 72
8 76
69 97
67 124
12 59
46 94
4 126
53 125
19 56
6 117
30 52
36 116
88 125
6 22
61 88
39 73
28 87
23 97
74 81
74 100
24 26
83 83
34 88
25 42
65 90
32 39
46 47
5 76
23 106
17 22
56 111
2 107
113 123
44 105
68 115
87 97
9 66
57 80
87 95
73 74
42 81
62 74
25 115
55 93
84 103
56 84
83 127
38 39
14 119
57 127
0 15
5 71
1 114
3 102
31 121
61 98
74 78
30 49
66 69
49 110
27 103
56 84
3 99
2 5
0 87
54 63
61 105
28 121
12 124
81 117
7 44
20 116
82 87
48 98
89 111
78 79
65 74
72 82
10 115
5 10
3 89
0 73
16 74
36 64
81 126
69 105
8 117
41 106
71 72
7 94
65 97
29 39
18 32
42 123
36 86
55 81
48 104
74 86
86 125
9 72
114 115
90 111
34 40
21 118
22 96
67 105
100 124
70 117
41 98
73 123
40 104
28 83
33 115
75 116
84 127
84 118
16 84
56 117
102 109
42 71
13 101
22 30
38 63
16 117
16 23
6 89
35 61
24 54
74 100
34 88
105 118
119 123
48 78
117 121
67 68
56 92
27 125
51 81
51 110
71 105
57 96
39 109
8 113
5 43
79 105
18 120
44 117
47 89
106 115
58 113
7 91
79 113
82 119
25 83
12 52
66 110
22 101
12 45
32 127
77 108
4 97
58 118
42 72
56 111
78 88
77 83
65 65
11 61
26 63
5 73
46 97
54 117
67 93
6 98
44 57
89 114
5 72
10 52
36 115
30 112
50 107
34 37
92 97
106 114
11 64
13 122
50 59
21 121
76 126
33 79
3 106
48 68
58 73
20 87
26 38
67 111
13 35
52 122
37 64
26 29
22 105
88 95
89 113
29 90
54 82
37 103
95 127
4 57
24 71
12 36
78 82
10 108
83 102
10 94
61 69
74 110
64 94
27 55
12 80
43 67
65 68
9 69
36 118
0 31
29 95
72 122
46 67
41 113
30 64
20 97
10 13
41 116
26 108
4 20
30 117
47 126
17 98
28 122
44 73
10 17
97 124
11 72
86 106
53 101
51 117
4 115
14 121
14 127
37 113
43 54
68 73
4 78
75 119
45 126
74 99
57 94
3 59
81 95
39 66
8 25
50 91
1 24
60 79
9 49
6 87
30 105
59 116
17 85
103 123
75 101
36 49
31 46
63 66
17 111
10 18
13 89
47 55
73 81
33 34
10 81
18 77
11 36
42 107
21 90
26 27
0 24
21 106
111 126
100 107
78 99
26 69
62 68
52 100
23 83
78 97
27 73
44 96
81 90
43 76
25 99
65 115
6 27
80 84
19 67
71 125
18 25
26 71
10 80
80 110
11 90
45 69
102 124
99 118
56 83
70 95
14 81
39 69
24 46
27 50
22 65
74 107
52 88
97 119
25 93
18 43
16 67
97 125
63 110
50 70
49 76
8 107
50 119
0 40
64 106
76 100
15 26
27 96
17 56
16 96
51 52
3 41
22 49
4 91
6 50
67 72
38 89
63 82
92 103
67 79
57 83
108 118
27 76
87 98
60 108
11 86
70 104
60 72
43 85
49 83
38 120
47 107
77 112
5 96
102 116
116 126
64 87
81 86
54 113
46 98
79 99
32 50
12 12
43 114
0 23
70 78
1315803641 2064178135
12101231 405749411
813879029 1543020338
1292696812 1970086745
172632279 1398829525
964233525 1698614405
898611862 2062656644
262382511 794779514
878666878 987279537
383977135 2044329017
922432295 1075598467
1122497927 1537432214
982955218 1023431261
1007649261 1811155044
718131762 1969803244
769644557 979643277
1829179905 1940643845
1830928807 1929750803
323663720 1246860556
792616105 1055000985
662884012 735615859
70228377 564308923
902192246 2070972284
176870985 1610198240
132365393 911158075
706929013 1993522810
37215799 1116777920
1111158282 2054746574
582425780 1256519078
1273052979 2117597244
1415430482 2112185837
999750782 1544265528
1152574247 1412315474
711378106 2137928743
3155582 409993969
274175453 645910322
572997940 1078716786
1237909971 1479631113
1107072380 1326028713
1112973501 1783108654
42418335 1509852531
1737398040 2083095710
845188514 1501506667
1103520264 1224424749
506418917 1799876387
1259632513 1366653053
1372423569 1596149101
76622585 245575354
27630399 1407087841
1250865708 1374960483
1641420835 2088386568
150050415 1766831258
1314062830 1401463765
714003243 1027890008
770275353 946655808
273192060 843367167
523125165 1573495071
1324032499 1882116553
591565452 2096978180
1042902239 2034436760
1172995073 1970220993
27234013 1517405864
1992202648 2020898642
233339262 1757268075
526935594 985279278
935311050 1951424797
518168807 1718571562
97654228 1223990806
289906891 317289688
1747124049 2143477850
942063549 1666125369
905442021 1475056751
581382933 888711187
59588809 412937594
966180582 1060146553
562187379 623928090
786921081 1293097102
472063258 807876671
77809052 1339398006
358425194 2123844388
940664352 1383577874
604128991 1881378496
1408760592 2032755827
1565989476 1932529328
567807489 1978617664
544017568 911223589
164775103 954634410
745261521 1915174428
444647260 823162866
185605207 1986926047
775346108 1688345658
1351161297 1756372863
276959642 1523736492
872644157 1919833940
743950582 827715945
900602301 1108472482
1288230710 1699744197
690718368 709022779
34637428 116316434
572921909 1534677959
779524231 1451527459
222094246 2081909459
1321468818 1902270909
844030395 1822834316
1308449395 1642166653
319458069 1249195425
106905477 1420151935
1456911142 1556914437
897547997 1317506565
241001620 1261522121
1938541185 1977228177
632536086 1759020125
683801397 2113229260
1162660931 2056661287
254815983 1590278478
86142306 1893103062
818748702 1792604853
284237510 1761075869
1391104081 1491318710
913090352 2073751951
471574100 1458878884
432072524 1014956822
367172714 1465179115
880381117 1453699246
321442645 818694415
627699462 1703986084
372046987 613817611
866307137 1009204894
1421664440 1914527357
25939696 632954142
779885007 1435456398
948863842 1084068395
149979381 2145571007
1241480104 1688949351
487092110 987431837
1623233109 2120175692
646445921 1568428823
715761237 1121034872
53933171 861053187
1022297498 1449133763
1535356362 1752915313
772237519 1447884529
1040486982 1575241270
940994198 1534730901
29149892 1095457196
768634576 2121449997
554853997 1765098592
753840909 1469344314
1661528648 2088367497
85561303 1371520141
1170324857 1596724680
1387783659 2029000550
1715687481 1871131324
47582802 1912786888
585852109 1715242355
308130727 2086039952
1426632340 2141834212
397981918 853844623
850425113 1357672442
282822079 635916010
682677289 1069948204
496125658 2082610912
55753241 1006202224
319854785 479673726
525850173 1429303352
1494600109 2009860492
952407907 1177247402
1004724933 1805422269
416892507 742458597
1151972117 1989444731
507685549 864615674
260264352 1174564823
267746934 720283343
708784581 1567659377
1716943866 1783610449
190586440 992959969
148901529 207905307
380832010 2043191295
504789689 1194354408
140101015 1247460708
1541911815 1910244502
335000272 475482825
1255680830 1611083546
621091490 1655543974
215928653 1087711454
1118798473 1250587272
1123090477 1505132812
420781765 747357699
215069116 1269038605
1732916377 2017756517
769525235 1141896030
651571741 1176683088
722472983 1325142034
1456055480 1562083776
373808864 1888118143
99604263 368741851
555389622 1695072544
1666685124 1870478284
228387818 1014658711
587663406 796047595
66171495 1520693240
341781751 1182092405
1690987285 2077239826
1462022082 1553241526
915281903 949976336
12619491 278697259
456524660 1028178578
1882027629 2129205280
460993059 1700067376
1681825124 1748091081
98292937 558009558
348815807 1142544524
1601573595 1707507940
565369823 1822821301
843074139 873267991
36683068 1245227044
876561657 1801255871
279637988 412029784
375642032 386456832
1483000832 1499198025
745889249 1036356938
225407825 1395743543
171390364 429983204
1964962297 2061734462
486764603 979889547
793305575 1393163513
1197426009 1878288871
952455210 1575811646
920551568 2132579350
710076764 1722223419
1896742091 2030863184
1012003519 1515884020
1232312661 2005088787
152455122 1308929956
20540543 1842864476
288677628 590430561
15277612 1238140521
515258483 1516305164
108557656 347059004
54692453 332065609
1525813899 2113667194
193532062 1698693006
89478130 933817881
515571809 1292656669
473272575 1767792433
699439780 1049529505
947355875 1096398015
1601392024 1693197418
697637306 1894234829
130232739 1697871702
548803809 833980268
738416900 1065775653
522153229 1153221044
212513215 1928390883
431079965 1487229592
970858520 1450011806
11901244 952265563
1655059657 1860888404
284888622 2063378917
701411523 2138563313
93789898 388607267
950984101 989412864
1672724534 1876245171
1264394521 1439022218
358908715 1941486539
567990531 911248622
275034358 2120866608
1425065931 1645978310
53354745 250763967
1411857694 2015874104
974265986 2135246226
255696119 499859311
268546859 1897243726
611129404 1320819652
198777053 1249327322
635796848 1633456778
185992145 855171969
1365979283 1816323203
483570702 1616734222
156041149 1456752618
1335973222 1645738890
1142969704 1153302427
553063719 2112505964
567319226 1282224873
1445789011 1861361212
901190877 1887514742
2037511392 2122312050
585844632 1990605641
733283866 1694502893
423188248 839009619
404453458 1698143105
119562755 2010011201
826904600 1844479112
1115481414 1756785124
763032046 885287569
207213442 1071751605
383061601 1176876833
830193079 1286114352
194351895 1811374431
1086762671 2022604152
2076097864 2085350385
414988221 1377823479
449452234 766235087
465270516 1366599007
50601614 1784858180
304141030 745425426
1818328338 2110617776
591246397 1191852632
559198020 1735555688
1436279215 2117123578
813608067 1750194589
22353461 1442030312
97188530 623830544
125169221 400379905
641092246 1911066517
103858013 1113256004
714844422 1877142884
1194222429 1546302551
651792985 833391379
787521532 1954265211
559118221 2095549068
553612466 1235901493
428475448 1466769449
57064225 1560833061
487858773 1857300303
1166342934 1809864715
912022643 1972814581
544989311 1383192213
141578930 1233018277
753477200 1624310125
456605967 748454321
1042125715 1611171710
457224458 1038965757
617211804 686904232
1845724749 1885080933
178883925 859553531
598087639 1985206072
989463053 1487930254
66881231 1720406046
906130681 1256202951
752553184 1332378974
424886618 1002187072
617170291 1901612237
162305852 174107255
879447737 1349412638
1064747999 1748524428
534486209 1155591709
415240393 1696628515
1590719448 1596316765
420005050 925875481
1057938710 1554929366
589240023 1466192917
473170617 1591887594
525495871 1324211585
1275503905 1440109477
1385631607 1531230968
196189637 1398749918
1245251537 2037921339
500355564 1909180640
617745305 1061006916
571093285 1933694240
919412619 1344054314
104499921 1551183331
733716419 1991042159
465681509 1549462422
814352020 1452001110
250395810 929049458
319147319 694170640
300095726 593374035
972085775 1520091599
341727343 1686057059
1150910359 2031754954
1169161545 1581703542
1049560230 1811141681
1021798789 1144125263
816123996 2135915890
1197973813 1497700083
1032938183 1208049431
527227271 1311298127
1331010947 1996437139
366726376 1194437997
26551067 396832521
1488704603 1537521345
760576817 974607086
722917711 1458651814
485210667 717183822
413114722 1875826118
930089067 1370384718
551850540 1982065279
103245511 1725367802
1280306292 1922160531
1314534225 1887278280
261394170 2128682788
114602150 655756850
80510737 334937262
336928297 2115460509
1053405178 1226087685
475663953 1655623592
1790519961 1987062775
426621972 1052493819
250136347 1980346791
724553320 1974592050
1455526427 1546777689
1787854901 1946755180
392242845 1318742615
1010974791 2066087498
813768756 1406600858
1351848708 1543015572
504413183 2040873698
1045901085 1719733818
795662753 1807812324
1368267351 1931418003
547132579 762458879
514836732 1415790623
35983327 544189866
1650379407 2112570074
1316904984 1463680281
1112863872 2112427538
84643427 1433336231
854049547 882535278
294106322 987197533
152700400 1087981892
359272747 1206348566
544158532 1647907222
883122601 1760437363
62601100 1087692156
1132987913 1254472548
665100237 1140473078
97558650 1967762529
565631663 2143454823
66913941 2115912732
1668315841 2095652099
1020658609 1103136751
1142344241 1563706753
1093694456 1128328713
360761385 1572001068
1119378273 1524568585
1957450981 2133394439
228176761 1408954081
511042274 2098847542
160368835 481471449
739899885 1069209105
1124064258 2069999368
609693145 771593569
521643517 1284616442
185522509 1626297062
971493470 1188276741
145193042 736018192
416329710 1980917995
1341721866 1662670692
592487038 1097904221
274084845 914322647
10348729 1208415710
1597681834 1897431028
30131930 296139825
1637937783 2143091065
136546648 217904956
254343236 1479247507
1092166519 2128998108
820858340 2116721558
1417870424 1543722624
1604821174 1665644421
824660986 2106954177
1354579546 1753252339
294603305 1924850493
217488525 1214269404
1106451874 2077048647
76463352 1820255055
124843620 835484342
1476361263 1595976682
955048768 984113983
191744654 1781296431
226321375 1018347463
1163847679 2096601624
283292179 2058021461
596858898 1249229570
1704182145 2031192501
1552548882 1999326592
116106159 593926010
498645511 2064375047
421763763 1755768829
425155765 1617735479
709197291 1470620247
589621868 1988391717
634848616 1896703701
771949897 1660721252
596464237 1965766303
56107719 639621589
281779449 1422298912
302775223 1802167572
138584203 920152472
597830948 1090669673
208760975 1287597978
163502502 1617515220
104644093 1718856426
1456868638 2100818349
718153886 1712603277
241208209 871160531
457591570 724407159
608145234 940592784
1800721552 1883292689
228430915 611131592
1283521738 1897851235
130846040 1445208053
148709869 761333547
515809902 943615954
535500121 735279484
1441489685 1971076850
70134295 539803022
1113545355 1250864704
200922669 1547718759
545431489 684870008
27292154 278156789
1042350429 1610686494
34225976 1514756949
946053204 1340593567
1512444725 1886320991
262280059 524882312
128747329 1555815637
160075525 1408577458
1513627922 1727453762
1174536421 1338901245
310223308 1721984358
118873606 1906363240
865484191 1813321594
1458051004 1550138486
990408908 1917977056
825869146 1863973559
46989697 313288628
212744570 355106387
299056131 735648258
609448515 1597302380
288967904 1516334409
1173577602 1732859746
856854260 2092775584
372714055 745785603
1334850794 1815512252
1152984914 2067695491
1740746904 1853779316
640076379 715263762
478962742 1560635068
997878798 1829609479
1089681399 1491587599
916975964 2097735792
180775164 994030816
751191613 1274911730
1701514655 2049779905
1165419247 1742351890
1071606194 1752449717
974668013 1955282839
9421216 40536201
1331153278 1555900627
1215719926 1903744459
655276013 722403792
581096919 938747688
540435367 1412484465
21830771 1533721725
1143273936 1826698922
82568278 1583757535
539727056 653598847
1333944377 1427135098
657013900 1944869145
972927859 1860185375
165572445 1482021404
1153787635 2075392124
790157244 1895418199
815269403 1674122864
796287558 1200685753
885551006 1934847605
1456687075 1778186421
768962038 1625751580
146994828 1406056541
1066462023 1180404600
102387364 1349892942
708645489 2140860783
653253457 943351347
240055389 1805594246
1410303515 1727112899
104062275 353572201
248882366 1031504902
1134068334 1936184834
42720006 585533986
793507803 1439354510
632540261 828846307
980687663 2016452428
452383080 1229523527
44776703 2061705031
879074383 1298742113
322196927 457399936
592894638 1221444564
522545022 1553267933
202203105 1926729038
300367531 637228440
549255816 734354242
633600179 1365905333
1517553801 1538828672
205703762 264772538
785023288 992210961
638097471 808894550
1066885890 1479573858
130534098 1817099626
1153099929 1234466686
183046926 1741685465
353207108 1462023228
1306650725 1436513641
1373585880 1538352484
118868997 355689914
683016193 933558443
741605065 846769957
650013333 2101067340
103070094 1927687103
1649820117 2066872126
415932473 1041238470
440222642 1568661972
1398670899 1860326460
553202863 1281693213
371584140 2032385001
990948678 1370300075
1401094524 1775464913
449942117 1139312286
744761785 1148174387
1161105788 2141041241
97291451 838082499
329274012 1368452895
907478442 1607243363
1141228473 1652833178
958136801 1596171201
183298996 712211970
1739295845 2103393545
240686328 1187400928
740134286 1574813479
1152640299 1554494072
1234973723 1403892598
723551880 1044715421
748416832 1004780333
543368923 1735344964
155930840 1701628698
1244203839 1741461460
731713096 772689536
1084226041 1534864428
322505536 351716276
350946267 625925201
483750535 1923672504
893445420 1433377391
558991928 2139058060
235915529 1020143785
349478647 378499301
1096003520 1295567648
966918774 1855013812
234853448 1514292897
418272206 998486838
1497783311 1929821038
339266351 901075498
364247103 374506312
1360521680 2054626018
414089622 1525301668
739484615 2107506485
478197525 1541453960
922422098 1361329673
429466992 1046001389
580177983 717519800
878348558 1573963251
762604213 1755346084
697417878 1257710905
1197694018 1736926146
1856118767 1906043973
694369271 739118284
1282523379 1373562088
1410241452 1602420936
498781801 1162229818
1309102674 1879260469
540337578 1218502411
780180788 1540935379
1677903839 1745819110
152955350 1746260317
1377959859 2082849741
581881671 620475550
1315707354 1502664769
388532626 1440589960
142811822 949109241
767194301 1987319393
336531176 1185935253
535431869 1123176690
617298415 1623427180
637058273 2026621335
505017732 1410570975
177201359 231348692
1743884803 1909354115
393335988 2018749378
463015520 1533718196
661725879 1481123443
742402983 2066018714
452636044 1133861565
186394810 728920761
290769327 1856103708
146996664 1905963871
1541837182 1989321554
1877694291 1949570521
1894155480 2111053629
758564823 1285705191
1027460203 1618044106
1118155766 1809678809
1790173073 1998693459
720276908 1238998575
518733019 745953095
760242328 864082779
939975632 1313086894
612388479 806416182
1206180237 1601849016
182550757 515091641
589237056 795626400
199156603 1252736148
968444426 1967030940
760373589 853542779
1293534819 1709866636
1382574694 2015192746
74156398 1861677126
1585423470 1775358962
812036773 947577072
606323415 2030524727
27168462 1810097067
1920177068 2082826193
1503241174 1520616377
874920548 1055390768
850019185 1287346951
641747692 1648940585
564011831 889020993
937873687 1198180359
1670017812 2029989297
698989988 773366358
1543919953 1694746491
888281095 1078809381
248571648 387105777
1303369012 1616520178
720395654 1118699101
317929843 645485091
966012733 1001292504
342448512 776794536
409515121 1531292895
184737445 1732924449
353361067 2109710598
632650506 1338939691
1192527298 1743539412
103943044 1177571485
39525178 159143872
454694270 1017545268
1482476287 1944013600
540623808 668149961
249475760 1846928452
253653165 1310270535
581990058 1994848622
64941348 119482719
1523237388 1907055132
503971680 1650331317
1036513342 1453207024
1228102282 1889376715
1203700299 1825194506
560027717 1964881416
432054459 1522448028
1658624091 1720844624
106171888 571016564
210601940 1874724630
986035580 1960496351
91506090 569089071
709115086 1594530645
1126272816 1364086290
89493059 905002403
828910590 1590907124
109888059 2135168171
1206420483 1587255077
188890800 259708961
61939007 1489508252
518567333 1463198550
725213496 1182170135
402559783 756662592
589119047 1551968789
1644063601 1699824516
554912736 1236063599
891164195 1516089307
500656477 1713114709
1179630116 1183287649
175220713 1261994582
446091383 1363683884
387046238 1084484721
1433969791 1590406368
708817436 790350692
1169966002 2121769639
184127476 721925162
775272837 2145283086
658689038 1437253551
187615728 1779116191
174271716 1114271008
50466779 1021158318
523962196 1910871531
44045656 419431799
747896494 1149365177
1193018295 1602198465
900240647 1757136279
1011238613 1405261390
483035825 723705315
848714174 1516051057
802603868 1884590988
797638280 844883835
10858776 1639204735
165455440 1461978807
598886570 1868056896
792560379 1791110788
292750012 932483467
118757955 814596629
5085664 1086679900
261614269 1180572045
218930269 2045750647
1052862935 1896686789
721450588 1883838091
113453842 1108045393
100859604 1181566880
8799307 574069866
848576520 931060562
873442926 1242503591
463199508 2051582650
1414700722 1575980783
999029151 1195492643
849725206 1912564700
1117875064 1878956207
798105608 1445991439
173386996 940938093
1122558176 1147319915
1612676915 2050269301
1384676515 2023416529
1133048683 1273617701
1699684477 2025236071
372444285 838176227
880277390 1189612915
1132431816 1293023472
1242902304 1303875291
990877062 1144677175
255326491 450172416
166702239 942701080
1996780798 2029286113
2025552824 2039454034
740535941 1919876382
273637744 321509888
647034270 2086790949
583050208 891480749
594479880 888371244
2072232032 2083867313
1544627278 1741103845
540455779 1535387534
413773894 1939530242
1555217959 1966013878
702094606 1135090219
876578862 1420115920
293660567 1605597309
902537128 1869789276
855710820 1902649247
680680242 2123895253
1691038544 1714322566
131374813 595336965
1876430657 1933274841
1000647172 1850743873
1246094437 1367691449
66899710 421725953
1804581986 1812429568
1241625774 1917403959
801680196 1850168790
641152680 1886483453
361378824 1525139165
170580382 1650863417
921924481 1478991031
608839643 996360684
1048795807 1437909929
25465797 1542730967
831979356 900079529
929784791 1661703246
1483167386 1916572866
2043121324 2128838441
120439441 2003489494
464217424 947257774
418743789 1191293416
822334364 2146308310
356946489 1590580960
853001295 1414396150
627969390 1510850460
881603046 1581271138
436184695 735593009
457243242 1756035379
973712893 1342948676
307776752 1556404096
1701248858 2078835633
40404343 371430881
2064164904 2095430890
482385862 2010290495
1666385306 1998693161
1364636412 1853654310
714383585 938374265
426254375 1046283367
278413107 1076433501
163475578 801839554
1012559747 1137786420
210680686 735331128
54130969 1242087713
897158091 1389761207
140636590 155943747
1011768572 1153856396
13776171 921690557
89457944 389238180
1362366030 2091905323
1785314065 1934034997
1591639934 1736540545
722912382 773094624
535337790 1150606685
1576051605 1732523463
588711493 594770359
1928213339 2091062577
924300962 1878065749
344754128 959188041
978318034 1978762617
1563599683 1756780427
519617743 1645986291
1552128688 1562777984
219707586 683374458
214111747 971958855
699153513 1826478881
986025900 1385960862
904186930 1490907810
740724967 1403550463
1150319797 1453480867
1235248475 1409267793
1267665275 1514969653
370543484 1188446743
1190735309 2035797058
541960221 1364528422
306700206 1854581703
339918520 1604573581
204259479 1621051742
1280707371 1768051100
282740682 706879091
33421116 1159621344
416900700 1782983571
937303841 1681776069
91231640 381355492
1575484523 2116186909
578198628 706763496
1618996778 1836588959
548103453 1152919965
1563929359 1981369950
251070962 264958020
611907403 2067037850
1109801233 1383770992
347259162 375558667
967354145 1790259781
30829720 1520569426
1308718352 2000834484
1201763144 1284646610
589278817 2004721573
10755145 277389201
285585342 1745631290
1093512592 1166397572
568093983 1098356648
128488506 596196121
38111982 619944107
231321557 1448562892
367028744 1327295813
312545161 788747566
210143211 697570548
519394955 757170011
543078696 858944357
1129854177 1481481176
248337704 1604075017
147376573 198565530
1105509980 1280205376
409214207 1466086764
56591051 1076155064
706400326 1727299215
1057585066 1558796734
668119070 996697929
976922794 1283268011
790521453 2053251831
486322821 1305432196
1136145595 2087032657
506223636 1423235058
1317125623 1914079979
101473322 852002574
491955609 586175019
874005902 1200737342
374775366 1420945031
1652835652 1868094760
161592980 442601253
1109869857 1507406445
236495418 495500596
528452222 1461238955
393097725 1971380946
1263539073 1854516404
730383401 1946813448
13475955 1880098007
970410755 1403239787
1791670787 1950629448
1355690993 2065102043
881285342 1712321993
1695282061 2041711072
976106967 1360886250
1285555582 1966277968
1696331243 1936826780
896861126 1394003760
215451204 1496277961
950489068 1201926660
893809313 1929026802
270363274 588219994
919517620 1893879972
367733841 927599007
103557943 1660941618
104570544 112756901
1856234430 2071429080
1188794640 1328209536
1181199355 1962217062
1701645018 2043460352
1289147519 1999370851
1195615342 1855516116
736599574 798526319
8629324 1368119365
701070312 1840522452
716030416 884623858
332370264 1522265261
847722655 883382236
